867.195
836.339
833.981
845.547
847.349
847.85
852.443
863.727
858.838
867.44
865.797
864.382
855.528
852.286
852.558
852.193
852.891
854.045
856.554
859.558
861.109
863.153
863.251
862.878
862.515
861.889
861.33
861.144
861.098
861.074
861.036
860.918
860.847
860.879
860.88
860.858
860.801
860.777
860.761
860.747
860.746
860.727
860.697
860.684
860.669
860.668
860.665
860.662
860.658
860.655
860.651
860.648
860.642
860.637
860.636
860.634
860.633
860.632
860.631
860.631
860.63
860.629
860.629
860.628
860.628
860.628
860.628
860.627
860.627
860.627
860.627
860.627
860.627
860.627
860.627
860.627
860.627
860.627
860.627
860.627
860.627
860.627
860.627
860.627
860.627
860.627
860.627
860.627
860.627
860.627
860.627
860.627
860.627
860.627
860.627
860.627
860.627
860.627
860.627
860.627
