1
867.195
30.8561
2.35803
11.5656
1.80215
0.501223
4.59307
11.2838
4.88896
8.60164
1.64285
1.41509
8.85351
3.24197
0.271846
0.364768
0.69782
1.1535
2.50914
3.00425
1.55096
2.04428
0.097768
0.372835
0.362928
0.626289
0.558684
0.18646
0.0455787
0.0242169
0.0376318
0.118034
0.0713153
0.0324118
0.000988212
0.022083
0.0577306
0.0239193
0.0153119
0.0146967
0.000849105
0.0187817
0.029511
0.0132839
0.0156438
0.000723059
0.00245767
0.00340981
0.00436281
0.00216305
0.00426199
0.00347654
0.0052586
0.00502942
0.00142358
0.00157636
0.00144038
0.000848979
0.000710529
0.000795998
0.000713727
0.000665882
0.000384958
0.000402427
0.000212163
0.000460529
0.000193953
0.000110658
0.000122416
9.19598e-05
0.00011521
9.00141e-05
8.64005e-05
2.74262e-05
1.79322e-05
3.33651e-05
7.11022e-06
1.17379e-05
1.15676e-06
1.73853e-05
1.36903e-05
1.04482e-05
6.38616e-06
9.37424e-06
3.53442e-07
1.14131e-06
1.26574e-06
2.44472e-06
8.46851e-07
1.38454e-06
2.11902e-06
2.68287e-06
1.97854e-06
1.83191e-06
8.077e-07
4.35026e-07
1.35685e-07
6.94546e-08
1.64111e-07
